100
0 42 dfs
0 1
0 20
0 23
0 26
0 30
0 33
0 43
0 47
0 56
0 59
0 64
0 66
0 70
0 72
0 79
0 86
0 90
0 98
1 0
1 1
1 3
1 4
1 8
1 12
1 22
1 24
1 25
1 38
1 48
1 49
1 50
1 52
1 53
1 54
1 77
1 86
1 87
1 88
1 90
1 97
2 4
2 5
2 6
2 7
2 11
2 12
2 13
2 18
2 19
2 30
2 35
2 36
2 38
2 41
2 44
2 47
2 48
2 54
2 55
2 58
2 76
2 84
2 85
3 3
3 7
3 9
3 14
3 15
3 20
3 23
3 25
3 29
3 36
3 37
3 44
3 45
3 47
3 50
3 56
3 59
3 60
3 66
3 68
3 69
3 74
3 77
3 80
3 82
3 88
3 91
3 96
4 3
4 4
4 5
4 8
4 14
4 16
4 24
4 27
4 29
4 31
4 35
4 39
4 49
4 50
4 51
4 56
4 66
4 69
4 81
4 82
4 86
4 89
4 90
4 97
5 0
5 4
5 5
5 7
5 15
5 26
5 30
5 33
5 39
5 40
5 49
5 50
5 60
5 62
5 76
5 80
5 84
5 94
5 95
6 8
6 11
6 12
6 16
6 20
6 22
6 23
6 28
6 31
6 33
6 42
6 46
6 48
6 58
6 59
6 60
6 62
6 68
6 74
6 83
6 85
6 87
6 90
6 97
7 4
7 11
7 12
7 13
7 19
7 20
7 30
7 38
7 41
7 43
7 45
7 60
7 71
7 76
7 77
7 91
8 0
8 5
8 8
8 12
8 23
8 25
8 38
8 40
8 45
8 60
8 67
8 69
8 71
8 84
8 89
8 92
8 98
8 99
9 1
9 2
9 6
9 23
9 25
9 34
9 38
9 40
9 43
9 45
9 46
9 49
9 56
9 57
9 66
9 82
9 83
9 84
9 85
9 88
9 92
9 96
9 98
10 2
10 5
10 19
10 24
10 35
10 38
10 40
10 43
10 44
10 47
10 48
10 50
10 54
10 62
10 64
10 67
10 73
10 79
11 2
11 3
11 4
11 7
11 10
11 12
11 21
11 22
11 25
11 27
11 36
11 42
11 46
11 47
11 48
11 56
11 67
11 71
11 76
11 80
11 83
11 98
12 0
12 2
12 6
12 9
12 12
12 18
12 21
12 35
12 36
12 41
12 47
12 48
12 55
12 60
12 61
12 68
12 69
12 72
12 77
12 83
12 93
13 7
13 18
13 20
13 22
13 26
13 37
13 38
13 40
13 42
13 46
13 52
13 65
13 70
13 75
13 83
13 85
14 0
14 2
14 4
14 5
14 7
14 11
14 20
14 22
14 29
14 30
14 34
14 39
14 44
14 45
14 49
14 58
14 60
14 64
14 65
14 67
14 68
14 69
14 74
14 76
14 92
15 13
15 17
15 19
15 20
15 21
15 26
15 31
15 33
15 49
15 51
15 59
15 76
15 84
16 3
16 32
16 44
16 46
16 47
16 55
16 64
16 67
16 94
17 3
17 10
17 13
17 14
17 16
17 20
17 21
17 22
17 24
17 27
17 29
17 31
17 35
17 40
17 41
17 55
17 58
17 59
17 62
17 70
17 74
17 80
17 81
17 83
17 84
17 86
17 89
17 92
17 93
17 94
18 4
18 5
18 7
18 8
18 11
18 12
18 15
18 16
18 30
18 33
18 45
18 46
18 49
18 53
18 57
18 60
18 61
18 67
18 68
18 74
18 85
18 95
19 1
19 2
19 5
19 6
19 10
19 12
19 21
19 22
19 25
19 36
19 38
19 48
19 49
19 50
19 54
19 61
19 67
19 84
19 87
19 88
19 92
20 3
20 4
20 13
20 15
20 18
20 21
20 32
20 46
20 60
20 62
20 68
20 70
20 73
20 75
20 80
20 87
20 94
20 97
21 2
21 3
21 10
21 15
21 17
21 21
21 43
21 68
21 69
21 79
21 80
21 81
21 82
21 83
21 85
21 90
21 93
21 96
21 99
22 1
22 7
22 17
22 19
22 22
22 24
22 25
22 41
22 57
22 59
22 64
22 74
22 79
22 82
23 0
23 6
23 13
23 15
23 24
23 25
23 29
23 35
23 36
23 38
23 40
23 42
23 48
23 49
23 57
23 61
23 68
23 71
23 72
23 73
23 82
23 96
24 3
24 11
24 12
24 13
24 21
24 24
24 28
24 29
24 30
24 31
24 34
24 35
24 37
24 43
24 48
24 54
24 55
24 59
24 62
24 69
24 83
24 93
24 98
25 1
25 8
25 9
25 12
25 31
25 34
25 35
25 38
25 43
25 46
25 47
25 53
25 54
25 58
25 64
25 72
25 77
25 85
25 87
25 98
26 9
26 10
26 11
26 22
26 25
26 36
26 40
26 43
26 48
26 53
26 59
26 66
26 77
26 83
26 93
26 95
27 4
27 8
27 14
27 15
27 16
27 18
27 21
27 22
27 24
27 29
27 30
27 33
27 36
27 46
27 47
27 54
27 60
27 69
27 71
27 73
27 74
27 85
27 93
27 96
27 98
28 0
28 5
28 8
28 10
28 12
28 27
28 46
28 49
28 52
28 58
28 65
28 67
28 75
28 79
28 82
28 90
28 91
28 95
29 5
29 17
29 21
29 24
29 29
29 30
29 37
29 39
29 41
29 43
29 47
29 52
29 55
29 57
29 58
29 61
29 62
29 66
29 67
29 77
29 80
29 83
29 84
30 0
30 1
30 6
30 9
30 23
30 27
30 35
30 38
30 39
30 47
30 49
30 52
30 64
30 65
30 66
30 72
30 75
30 76
30 78
30 82
30 85
30 86
30 96
31 0
31 4
31 8
31 13
31 15
31 22
31 36
31 38
31 41
31 43
31 49
31 54
31 56
31 57
31 64
31 65
31 77
31 79
31 84
31 88
31 95
31 99
32 6
32 15
32 16
32 31
32 37
32 38
32 49
32 53
32 56
32 58
32 69
32 73
32 76
32 78
32 80
32 85
32 86
32 87
32 89
32 97
32 99
33 0
33 2
33 3
33 16
33 17
33 18
33 22
33 23
33 24
33 29
33 37
33 47
33 48
33 58
33 61
33 62
33 63
33 64
33 69
33 70
33 75
33 87
33 88
33 94
33 95
34 0
34 5
34 9
34 10
34 15
34 17
34 26
34 33
34 35
34 37
34 41
34 44
34 56
34 62
34 66
34 74
34 75
34 83
34 85
34 92
34 93
34 94
34 99
35 0
35 3
35 5
35 6
35 9
35 10
35 23
35 29
35 30
35 37
35 42
35 49
35 53
35 69
35 73
35 78
35 82
35 84
35 87
35 89
35 94
35 98
36 3
36 4
36 9
36 10
36 11
36 12
36 13
36 14
36 16
36 19
36 21
36 23
36 46
36 48
36 50
36 53
36 59
36 75
36 76
36 78
36 79
36 80
36 82
36 85
36 88
36 89
36 99
37 5
37 6
37 11
37 13
37 16
37 18
37 19
37 26
37 30
37 36
37 48
37 51
37 54
37 59
37 70
37 76
37 77
37 83
37 87
37 88
37 89
37 95
37 97
38 9
38 12
38 14
38 16
38 19
38 27
38 28
38 32
38 49
38 52
38 53
38 65
38 76
38 77
38 82
38 84
38 88
38 90
38 98
39 0
39 8
39 9
39 13
39 17
39 19
39 26
39 33
39 35
39 36
39 53
39 58
39 66
39 70
39 76
39 79
39 83
39 89
39 92
39 97
39 98
40 0
40 7
40 11
40 14
40 26
40 27
40 31
40 45
40 50
40 58
40 61
40 69
40 71
40 79
40 80
40 84
40 87
40 89
40 91
41 5
41 7
41 11
41 16
41 18
41 19
41 32
41 37
41 40
41 44
41 55
41 60
41 62
41 72
41 76
41 78
41 84
41 91
41 92
41 96
41 98
42 4
42 17
42 20
42 23
42 30
42 35
42 37
42 44
42 47
42 53
42 55
42 62
42 67
42 69
42 77
42 79
42 80
42 95
42 97
42 98
43 0
43 4
43 8
43 12
43 17
43 30
43 37
43 52
43 65
43 67
43 68
43 69
43 72
43 75
43 81
43 82
43 92
44 0
44 8
44 9
44 18
44 21
44 46
44 55
44 60
44 62
44 65
44 68
44 74
44 86
44 91
44 93
44 94
44 96
45 12
45 13
45 42
45 53
45 63
45 66
45 73
45 81
45 87
45 89
45 90
45 93
45 95
45 96
45 97
45 98
46 1
46 7
46 10
46 21
46 23
46 34
46 35
46 44
46 49
46 51
46 63
46 80
46 81
46 87
46 89
47 7
47 8
47 11
47 21
47 23
47 24
47 26
47 30
47 31
47 37
47 43
47 44
47 48
47 53
47 67
47 68
47 69
47 74
47 76
47 86
47 87
47 92
48 11
48 15
48 18
48 24
48 32
48 33
48 39
48 44
48 47
48 49
48 55
48 56
48 58
48 67
48 72
48 75
48 85
48 88
48 98
49 8
49 14
49 18
49 24
49 25
49 30
49 35
49 36
49 39
49 50
49 52
49 60
49 61
49 62
49 76
49 82
50 3
50 6
50 11
50 18
50 20
50 22
50 28
50 40
50 42
50 51
50 58
50 60
50 66
50 68
50 69
50 78
50 87
50 90
50 93
50 98
50 99
51 0
51 6
51 11
51 27
51 28
51 30
51 32
51 33
51 34
51 42
51 44
51 51
51 57
51 58
51 61
51 70
51 78
51 83
51 87
51 93
51 97
52 0
52 2
52 14
52 26
52 27
52 37
52 40
52 44
52 46
52 47
52 48
52 51
52 55
52 58
52 61
52 67
52 70
52 72
52 74
52 82
52 88
52 90
52 96
52 98
53 11
53 12
53 16
53 18
53 38
53 42
53 49
53 51
53 60
53 61
53 70
53 72
53 79
53 81
53 82
53 83
53 89
53 90
54 7
54 10
54 28
54 29
54 32
54 41
54 54
54 56
54 63
54 70
54 71
54 84
54 87
54 95
55 1
55 4
55 10
55 15
55 16
55 24
55 28
55 36
55 39
55 50
55 56
55 61
55 62
55 65
55 79
55 85
55 95
56 4
56 5
56 13
56 18
56 22
56 23
56 33
56 40
56 42
56 49
56 50
56 53
56 56
56 60
56 61
56 64
56 65
56 68
56 81
56 83
56 85
56 92
56 99
57 1
57 4
57 9
57 17
57 19
57 20
57 23
57 31
57 35
57 39
57 42
57 64
57 70
57 72
57 75
57 82
57 83
57 95
57 98
58 1
58 7
58 11
58 13
58 14
58 16
58 19
58 23
58 25
58 27
58 31
58 33
58 38
58 46
58 53
58 56
58 63
58 66
58 70
58 74
58 75
58 94
59 9
59 10
59 15
59 17
59 18
59 21
59 29
59 33
59 36
59 43
59 45
59 48
59 52
59 56
59 57
59 59
59 61
59 62
59 80
59 85
59 87
59 89
59 92
59 94
59 97
60 5
60 7
60 14
60 16
60 33
60 54
60 57
60 66
60 72
60 73
60 84
60 97
60 98
61 4
61 6
61 10
61 12
61 19
61 29
61 30
61 32
61 35
61 38
61 40
61 51
61 65
61 66
61 69
61 85
61 87
61 90
62 3
62 6
62 11
62 12
62 16
62 18
62 19
62 20
62 27
62 31
62 33
62 38
62 44
62 48
62 56
62 58
62 65
62 66
62 71
62 72
62 76
62 78
62 83
62 86
62 88
62 89
62 92
62 94
63 9
63 12
63 13
63 17
63 22
63 26
63 30
63 33
63 34
63 39
63 41
63 44
63 49
63 51
63 60
63 61
63 75
63 77
63 87
63 88
63 90
63 95
63 96
63 98
64 5
64 13
64 18
64 20
64 30
64 44
64 46
64 48
64 57
64 62
64 69
64 70
64 71
64 73
64 78
64 85
64 90
64 92
65 0
65 1
65 2
65 6
65 7
65 9
65 19
65 20
65 22
65 25
65 26
65 29
65 46
65 48
65 50
65 51
65 57
65 63
65 70
65 80
65 81
65 82
65 85
65 95
66 0
66 7
66 17
66 21
66 28
66 29
66 30
66 37
66 38
66 44
66 54
66 61
66 71
66 73
66 75
66 82
66 84
66 85
66 86
66 89
66 98
67 6
67 9
67 10
67 13
67 22
67 26
67 36
67 38
67 39
67 40
67 41
67 43
67 47
67 55
67 70
67 72
67 82
67 84
68 6
68 10
68 12
68 14
68 20
68 22
68 33
68 37
68 44
68 46
68 49
68 52
68 57
68 63
68 66
68 69
68 70
68 77
68 79
68 81
68 84
68 85
68 93
68 95
69 3
69 4
69 17
69 19
69 23
69 25
69 26
69 27
69 32
69 35
69 41
69 45
69 47
69 48
69 49
69 57
69 63
69 66
69 68
69 69
69 72
69 75
69 83
69 88
70 2
70 4
70 8
70 18
70 39
70 41
70 55
70 56
70 57
70 66
70 77
70 83
70 85
70 89
70 94
70 96
70 98
71 3
71 13
71 17
71 24
71 41
71 51
71 53
71 55
71 64
71 69
71 72
71 74
71 79
71 80
71 90
71 95
72 4
72 25
72 32
72 36
72 38
72 45
72 47
72 54
72 69
72 71
72 73
72 75
72 81
72 82
72 83
72 97
73 0
73 6
73 12
73 15
73 18
73 19
73 25
73 26
73 28
73 35
73 36
73 37
73 46
73 47
73 48
73 49
73 51
73 53
73 54
73 55
73 56
73 65
73 67
73 71
73 72
73 73
73 77
73 78
73 80
73 82
73 88
73 89
73 91
73 99
74 2
74 9
74 14
74 26
74 28
74 29
74 37
74 39
74 46
74 47
74 50
74 52
74 55
74 63
74 67
74 71
74 79
74 80
74 93
75 10
75 14
75 16
75 26
75 35
75 38
75 40
75 43
75 44
75 45
75 49
75 53
75 63
75 64
75 65
75 79
75 82
75 83
75 85
75 87
75 88
75 89
75 98
76 3
76 6
76 14
76 15
76 18
76 38
76 40
76 47
76 61
76 77
77 0
77 1
77 4
77 16
77 24
77 26
77 28
77 31
77 42
77 44
77 46
77 47
77 56
77 59
77 63
77 67
77 70
77 72
77 75
77 77
77 81
77 90
77 92
78 8
78 16
78 17
78 20
78 25
78 26
78 29
78 43
78 44
78 54
78 58
78 63
78 66
78 68
78 73
78 78
78 80
78 82
78 89
79 7
79 9
79 13
79 15
79 35
79 45
79 48
79 51
79 73
79 83
79 91
80 2
80 12
80 19
80 21
80 23
80 26
80 38
80 39
80 44
80 45
80 65
80 68
80 69
80 73
80 77
80 80
80 90
80 92
80 93
81 3
81 4
81 8
81 9
81 10
81 35
81 46
81 47
81 49
81 52
81 53
81 56
81 61
81 69
81 72
81 73
81 76
81 83
81 84
81 88
81 91
81 93
82 0
82 10
82 21
82 28
82 30
82 33
82 38
82 39
82 40
82 42
82 45
82 53
82 56
82 59
82 60
82 61
82 64
82 74
82 75
82 76
82 77
82 81
82 88
82 94
82 99
83 0
83 5
83 8
83 10
83 22
83 23
83 29
83 34
83 39
83 47
83 52
83 68
83 69
83 72
83 83
83 86
83 87
83 92
83 97
84 4
84 8
84 10
84 11
84 13
84 14
84 17
84 18
84 20
84 22
84 23
84 32
84 35
84 36
84 40
84 72
84 93
84 98
85 0
85 2
85 5
85 10
85 38
85 59
85 60
85 66
85 67
85 71
85 85
85 96
86 4
86 6
86 11
86 13
86 15
86 28
86 30
86 36
86 40
86 55
86 58
86 63
86 65
86 71
86 72
86 74
86 79
86 82
86 83
86 85
86 91
86 94
86 97
87 10
87 13
87 19
87 24
87 41
87 48
87 49
87 55
87 56
87 64
87 69
87 71
87 73
87 75
87 76
87 82
87 85
88 2
88 15
88 18
88 21
88 27
88 29
88 39
88 47
88 55
88 61
88 63
88 64
88 73
88 76
88 77
88 82
88 85
88 91
88 92
88 94
89 5
89 10
89 14
89 15
89 21
89 28
89 31
89 44
89 46
89 49
89 52
89 54
89 60
89 62
89 66
89 74
89 96
90 3
90 5
90 12
90 17
90 19
90 25
90 27
90 39
90 51
90 52
90 53
90 55
90 61
90 78
91 11
91 17
91 36
91 37
91 38
91 42
91 44
91 48
91 49
91 50
91 53
91 60
91 71
91 85
91 89
91 92
91 98
92 18
92 20
92 23
92 27
92 41
92 43
92 45
92 49
92 50
92 52
92 57
92 63
92 72
92 78
92 88
92 91
92 93
92 97
93 0
93 19
93 20
93 22
93 30
93 35
93 37
93 38
93 42
93 43
93 47
93 49
93 62
93 66
93 81
93 83
94 15
94 22
94 27
94 36
94 41
94 44
94 46
94 49
94 52
94 54
94 75
94 82
94 88
94 95
94 98
95 4
95 15
95 22
95 24
95 30
95 31
95 36
95 40
95 47
95 49
95 51
95 55
95 61
95 63
95 65
95 69
95 76
95 78
95 85
95 86
95 87
95 89
95 92
95 97
95 99
96 1
96 4
96 17
96 20
96 25
96 31
96 39
96 64
96 70
96 77
96 81
96 83
96 85
96 89
96 90
96 91
96 95
96 96
96 97
96 98
97 3
97 5
97 8
97 9
97 13
97 15
97 19
97 24
97 26
97 27
97 30
97 33
97 36
97 41
97 43
97 46
97 52
97 56
97 57
97 65
97 74
97 75
97 78
97 79
97 91
97 92
97 93
97 94
97 97
97 99
98 3
98 4
98 6
98 12
98 18
98 20
98 22
98 23
98 30
98 34
98 40
98 41
98 44
98 50
98 55
98 66
98 74
98 76
98 78
98 80
98 85
98 88
98 90
99 3
99 4
99 10
99 13
99 25
99 27
99 34
99 37
99 48
99 55
99 60
99 64
99 67
99 68
99 71
99 74
99 93
99 99
