100
0 98
1 88
2 7
2 12
2 13
2 35
2 38
2 85
4 24
4 35
4 66
5 15
5 30
5 76
6 42
7 4
7 19
8 5
8 38
8 69
9 43
9 45
9 98
10 5
10 38
11 25
11 83
11 98
12 68
12 69
13 20
14 7
14 45
14 65
14 67
14 76
15 84
16 46
16 67
17 55
17 59
17 93
18 7
18 33
19 6
19 48
19 92
20 68
21 43
21 81
21 83
21 96
23 25
24 13
24 35
24 54
25 34
25 35
25 38
26 93
26 95
27 18
27 47
27 98
28 0
28 52
29 17
29 30
29 39
29 52
29 62
29 80
29 83
30 27
30 47
31 54
31 79
32 31
32 69
32 99
33 3
33 94
34 17
34 26
35 30
35 73
36 9
36 50
36 85
37 83
37 88
38 90
39 17
39 35
40 45
40 58
40 89
41 76
42 37
42 55
42 79
43 65
44 93
46 34
46 80
47 30
47 31
47 48
47 87
48 98
49 25
49 36
49 61
50 58
51 28
51 57
52 2
53 11
53 51
53 90
56 40
56 92
57 35
57 70
57 83
59 17
59 62
59 87
61 32
61 65
62 12
62 20
62 76
63 26
65 0
65 6
65 46
65 70
66 89
67 39
68 33
68 81
69 4
69 19
69 25
69 32
69 35
69 69
70 55
70 98
73 48
73 53
73 67
73 72
73 88
74 9
74 29
74 46
75 40
75 43
75 87
75 98
76 15
76 77
77 4
77 28
79 9
80 73
82 10
82 56
83 47
84 8
84 20
87 10
87 64
88 91
90 17
91 17
91 92
92 27
92 57
92 88
92 93
93 83
94 44
94 52
94 98
96 17
96 25
96 31
96 90
96 96
98 55
98 66
98 85
